   1. 25 MAR  2006  84 10:12:05 36725  25 0  337
   2. 25 MAR  2006  84 18:07:21 65241  25 0  337
   3. 25 MAR  2006  84 20:16:40 73000  25 0  337
   4. 25 MAR  2006  84 23:34:07 84847  25 0  337
   5. 26 MAR  2006  85 00:59:22  3562  25 0  341
   6. 26 MAR  2006  85 13:30:04 48604  25 0  341
   7. 26 MAR  2006  85 16:50:17 60617  25 0  341
   8. 28 MAR  2006  87 01:00:15  3615  25 0  349
   9. 28 MAR  2006  87 11:57:22 43042  25 0  349
  10. 28 MAR  2006  87 11:59:15 43155  25 0  349
  11. 28 MAR  2006  87 20:11:28 72688  25 0  349
  12. 28 MAR  2006  87 20:32:30 73950  25 0  349
  13. 28 MAR  2006  87 21:37:02 77822  25 0  349
  14. 28 MAR  2006  87 23:10:07 83407  25 0  349
  15. 29 MAR  2006  88 00:56:01  3361  25 0  353
  16. 29 MAR  2006  88 01:14:08  4448  25 0  353
  17. 29 MAR  2006  88 01:15:44  4544  25 0  353
  18. 29 MAR  2006  88 01:28:04  5284  25 0  353
  19. 29 MAR  2006  88 02:38:10  9490  25 0  353
  20. 29 MAR  2006  88 02:39:43  9583  25 0  353
  21. 29 MAR  2006  88 02:40:02  9602  25 0  353
  22. 29 MAR  2006  88 02:40:51  9651  25 0  353
  23. 29 MAR  2006  88 02:41:59  9719  25 0  353
  24. 29 MAR  2006  88 02:42:11  9731  25 0  353
  25. 29 MAR  2006  88 02:42:25  9745  25 0  353
  26. 29 MAR  2006  88 02:43:10  9790  25 0  353
  27. 29 MAR  2006  88 02:43:25  9805  25 0  353
  28. 29 MAR  2006  88 02:43:33  9813  25 0  353
  29. 29 MAR  2006  88 02:43:45  9825  25 0  353
  30. 29 MAR  2006  88 02:46:32  9992  25 0  353
  31. 29 MAR  2006  88 02:47:04 10024  25 0  353
  32. 29 MAR  2006  88 02:47:46 10066  25 0  353
  33. 29 MAR  2006  88 02:48:46 10126  25 0  353
  34. 29 MAR  2006  88 02:49:02 10142  25 0  353
  35. 29 MAR  2006  88 02:49:42 10182  25 0  353
  36. 29 MAR  2006  88 02:50:21 10221  25 0  353
  37. 29 MAR  2006  88 02:51:11 10271  25 0  353
  38. 29 MAR  2006  88 02:51:27 10287  25 0  353
  39. 29 MAR  2006  88 02:51:30 10290  25 0  353
  40. 29 MAR  2006  88 02:52:22 10342  25 0  353
  41. 29 MAR  2006  88 02:52:37 10357  25 0  353
  42. 29 MAR  2006  88 02:53:09 10389  25 0  353
  43. 29 MAR  2006  88 04:21:27 15687  25 0  353
  44. 29 MAR  2006  88 04:23:25 15805  25 0  353
  45. 29 MAR  2006  88 04:23:56 15836  25 0  353
  46. 29 MAR  2006  88 04:24:31 15871  25 0  353
  47. 29 MAR  2006  88 04:28:14 16094  25 0  353
  48. 29 MAR  2006  88 04:34:51 16491  25 0  353
  49. 29 MAR  2006  88 04:35:18 16518  25 0  353
  50. 29 MAR  2006  88 04:39:46 16786  25 0  353
  51. 29 MAR  2006  88 06:02:22 21742  25 0  353
  52. 29 MAR  2006  88 07:57:18 28638  25 0  353
  53. 29 MAR  2006  88 08:00:22 28822  25 0  353
  54. 29 MAR  2006  88 12:19:51 44391  25 0  353
  55. 05 APR  2006  95 00:23:48  1428  25 0  380
  56. 14 APR  2006 104 04:35:28 16528  25 0  415
  57. 10 JUN  2006 161 06:53:01 24781  25 0  622
  58. 26 NOV  2006 330 13:16:07 47767  25 0  844
