 136. 11 NOV 2005 315 16:48:02 6048225 0305237 2542 0000
 137. 01 DEC 2005 335 09:59:25 3596517 0231275 2372 0000
 138. 03 DEC 2005 337 09:03:46 3262617 0224281 2354  0000
 139. 03 DEC 2005 337 11:43:23 4220317 0224281 2354  0000
 140. 03 DEC 2005 337 11:45:20 4232027 0224281 2354 0000
 141. 04 DEC 2005 338 12:53:44 4642425 0221284 2345 0000
 142. 04 DEC 2005 338 16:28:48 5932825 0221284 2345 0000
 143. 06 DEC 2005 340 21:18:17 7669725 0214290 2327 0000
 144. 26 JAN 2006 26 20:16:58 7301825 0144500 1895 0000
 145. 29 JAN 2006 29 02:54:14 1045425 0150515 1875 0000
 146. 18 FEB 2006 49 04:40:00 1680025 0206613 1769 0000
 147. 03 APR 2006 93 04:58:16 1789625 0372829 1726 0000
 148. 04 APR 2006 94 14:23:01 5178125 0376834 1728 0000
 149. 07 APR 2006 97 20:57:58 7547825 0388848 1734 0000
 150. 09 APR 2006 99 21:13:07 7638725 0396857 1739 0000
 151. 22 APR 2006 112 01:46:29 638925 0446916 1776 0000
 152. 19 JUN 2006 170 23:56:10 8617025 0651 1138 1988 
 153. 18 JUL 2006 199 03:13:56 1163617 0733 1216 2048 
 154. 18 JUL 2006 199 03:15:46 1174625 0733 1216 2048 
 155. 21 JUL 2006 202 17:11:02 6186217 0740 1222 2051 
 156. 26 JUL 2006 207 03:50:21 1382125 0752 1233 2054 
 157. 28 JUL 2006 209 08:21:42 3010217 0756 1237 2055
 158. 30 JUL 2006 211 23:39:13 8515325 0761 1241 2055
 159. 31 JUL 2006 212 07:34:29 2726925 0763 1243 2055 
 160. 31 JUL 2006 212 21:51:24 7868425 0763 1243 2055
 161. 01 AUG 2006 213 22:28:42 8092225 0765 1245 2055
 162. 03 AUG 2006 215 03:28:02 1248225 0769 1248 2055
 163. 03 AUG 2006 215 11:13:51 4043125 0769 1248 2055
 164. 03 AUG 2006 215 11:14:33 4047325 0769 1248 2055
 165. 04 AUG 2006 216 03:28:02 1248225 0772 1250 2055
 166. 06 AUG 2006 218 05:50:37 2103717 0776 1254 2054
 167. 06 AUG 2006 218 14:23:44 5182417 0776 1254 2054
 168. 07 AUG 2006 219 01:03:26 380617 0778 1255 2054
 169. 07 AUG 2006 219 01:38:01 588117 0778 1255 2054
 170. 07 AUG 2006 219 09:43:02 3498217 0778 1255 2054
 171. 07 AUG 2006 219 18:24:24 6626425 0778 1255 2054 
 172. 07 AUG 2006 219 23:08:25 8330517 0778 1255 2054 
 173. 08 AUG 2006 220 04:32:57 1637717 0780 1257 2053 
 174. 10 AUG 2006 222 05:40:02 2040225 0784 1260 2052 
 175. 10 AUG 2006 222 07:16:02 2616225 0784 1260 2052 
 176. 10 AUG 2006 222 13:42:39 4935925 0784 1260 2052 
 177. 10 AUG 2006 222 15:20:40 5524025 0784 1260 2052
 178. 11 AUG 2006 223 15:25:03 5550325 0785 1262 2051
 179. 12 AUG 2006 224 04:08:44 1492425 0787 1263 2050
 180. 12 AUG 2006 224 05:42:57 2057725 0787 1263 2050
 181. 12 AUG 2006 224 21:51:12 7867225 0787 1263 2050 
 182. 13 AUG 2006 225 23:15:11 8371125 0789 1265 2049 
 183. 14 AUG 2006 226 01:08:42 412225 0791 1266 2048
 184. 14 AUG 2006 226 10:48:11 3889125 0791 1266 2048 
 185. 14 AUG 2006 226 13:43:04 4938425 0791 1266 2048 
 186. 14 AUG 2006 226 14:06:53 5081325 0791 1266 2048 
 187. 16 AUG 2006 228 10:38:56 3833625 0795 1269 2046 
 188. 16 AUG 2006 228 15:26:48 5560825 0795 1269 2046 
 189. 16 AUG 2006 228 15:30:00 5580025 0795 1269 2046 
 190. 16 AUG 2006 228 15:45:08 5670825 0795 1269 2046 
 191. 16 AUG 2006 228 17:23:43 6262325 0795 1269 2046 
 192. 17 AUG 2006 229 12:35:36 4533625 0796 1270 2045 
 193. 19 AUG 2006 231 05:57:48 2146824 0800 1273 2042 
 194. 19 AUG 2006 231 14:44:29 5306925 0800 1273 2042
 195. 20 AUG 2006 232 00:25:52 155225 0802 1274 2041 
 196. 20 AUG 2006 232 06:40:32 2403225 0802 1274 2041 
 197. 21 AUG 2006 233 03:14:42 1168225 0803 1276 2039 
 198. 21 AUG 2006 233 04:49:06 1734625 0803 1276 2039
 199. 21 AUG 2006 233 06:31:56 2351625 0803 1276 2039
 200. 21 AUG 2006 233 12:56:08 4656825 0803 1276 2039
 201. 21 AUG 2006 233 14:24:47 5188725 0803 1276 2039
 202. 21 AUG 2006 233 16:17:27 5864725 0803 1276 2039 
 203. 21 AUG 2006 233 17:45:15 6391525 0803 1276 2039
 204. 22 AUG 2006 234 18:05:31 6513125 0805 1277 2037
 205. 23 AUG 2006 235 15:03:16 5419625 0806 1278 2036
 206. 24 AUG 2006 236 14:55:26 5372625 0808 1279 2034 
 207. 24 AUG 2006 236 16:41:54 6011425 0808 1279 2034 
 208. 25 AUG 2006 237 02:44:54 989417 0810 1280 2032 
 209. 25 AUG 2006 237 21:03:31 7581124 0810 1280 2032 
 210. 26 AUG 2006 238 02:13:37 801724 0811 1281 2030
 211. 26 AUG 2006 238 03:23:35 1221524 0811 1281 2030
 212. 26 AUG 2006 238 04:13:22 1520224 0811 1281 2030 
 213. 26 AUG 2006 238 04:25:25 1592524 0811 1281 2030 
 214. 26 AUG 2006 238 08:51:14 3187425 0811 1281 2030 
 215. 26 AUG 2006 238 12:32:55 4517524 0811 1281 2030 
 216. 26 AUG 2006 238 18:48:47 6772724 0811 1281 2030
 217. 26 AUG 2006 238 22:07:52 7967224 0811 1281 2030
 218. 27 AUG 2006 239 03:14:45 1168524 0813 1283 2028
 219. 27 AUG 2006 239 04:20:10 1561024 0813 1283 2028 
 220. 27 AUG 2006 239 08:49:52 3179224 0813 1283 2028 
 221. 27 AUG 2006 239 12:25:26 4472624 0813 1283 2028 
 222. 27 AUG 2006 239 12:41:34 4569424 0813 1283 2028 
 223. 28 AUG 2006 240 13:38:31 4911124 0814 1284 2026 
 224. 29 AUG 2006 241 21:57:47 7906717 0815 1285 2024
 225. 29 AUG 2006 241 22:10:28 7982824 0815 1285 2024 
 226. 29 AUG 2006 241 22:48:01 8208124 0815 1285 2024 
 227. 30 AUG 2006 242 03:16:47 1180724 0817 1286 2021 
 228. 30 AUG 2006 242 14:58:39 5391924 0817 1286 2021 
 229. 30 AUG 2006 242 15:11:34 5469424 0817 1286 2021 
 230. 02 SEP 2006 245 23:40:27 8522725 0821 1288 2014
 231. 11 SEP 2006 254 08:56:44 3220417 0832 1295 1988 
 232. 16 SEP 2006 259 23:42:57 8537717 0837 1298 1971
 233. 17 SEP 2006 260 17:41:23 6368317 0838 1298 1968 
 234. 18 SEP 2006 261 20:21:44 7330425 0839 1298 1964 
 235. 19 SEP 2006 262 20:27:03 7362325 0840 1299 1960
 236. 19 SEP 2006 262 20:33:22 7400225 0840 1299 1960
 237. 19 SEP 2006 262 20:42:28 7454825 0840 1299 1960
 238. 20 SEP 2006 263 13:53:41 5002117 0841 1299 1957
 239. 22 SEP 2006 265 02:10:54 785425 0842 1300 1949 
 240. 22 SEP 2006 265 03:38:09 1308925 0842 1300 1949
 241. 22 SEP 2006 265 05:15:56 1895625 0842 1300 1949
 242. 22 SEP 2006 265 08:02:19 2893925 0842 1300 1949 
 243. 22 SEP 2006 265 12:47:25 4604525 0842 1300 1949 
 244. 22 SEP 2006 265 14:33:52 5243225 0842 1300 1949 
 245. 22 SEP 2006 265 16:13:47 5842725 0842 1300 1949 
 246. 22 SEP 2006 265 19:27:34 7005425 0842 1300 1949
 247. 22 SEP 2006 265 22:18:02 8028225 0842 1300 1949 
 248. 23 SEP 2006 266 02:06:17 757725 0843 1300 1945
 249. 23 SEP 2006 266 02:07:46 766625 0843 1300 1945
 250. 24 SEP 2006 267 00:03:57 23725 0844 1300 1941
 251. 24 SEP 2006 267 02:16:13 817325 0844 1300 1941 
 252. 24 SEP 2006 267 05:18:21 1910125 0844 1300 1941
 253. 24 SEP 2006 267 18:18:16 6589625 0844 1300 1941
 254. 24 SEP 2006 267 23:02:06 8292625 0844 1300 1941 
 255. 25 SEP 2006 268 00:27:51 167125 0845 1300 1937 
 256. 25 SEP 2006 268 18:51:44 6790417 0845 1300 1937 
 257. 26 SEP 2006 269 00:44:50 269025 0845 1300 1933 
 258. 26 SEP 2006 269 16:39:29 5996925 0845 1300 1933
 259. 27 SEP 2006 270 07:19:31 2637125 0846 1301 1928 
 260. 27 SEP 2006 270 08:58:43 3232325 0846 1301 1928 
 261. 27 SEP 2006 270 09:00:56 3245617 0846 1301 1928 
 262. 27 SEP 2006 270 16:39:30 5997025 0846 1301 1928
 263. 28 SEP 2006 271 21:51:16 7867625 0847 1301 1924 
 264. 28 SEP 2006 271 23:16:25 8378525 0847 1301 1924 
 265. 29 SEP 2006 272 07:14:31 2607125 0847 1301 1920 
 266. 30 SEP 2006 273 06:03:33 2181325 0848 1301 1915
 267. 30 SEP 2006 273 15:31:38 5589825 0848 1301 1915 
 268. 02 OCT 2006 275 03:10:05 1140525 0849 1301 1906 
 269. 04 OCT 2006 277 06:01:08 2166825 0850 1301 1897
 270. 06 OCT 2006 279 01:21:55 491525 0851 1300 1888
 271. 08 OCT 2006 281 08:23:26 3020625 0852 1300 1878
 272. 10 OCT 2006 283 18:19:01 6594125 0853 1299 1868
 273. 12 OCT 2006 285 18:10:19 6541925 0853 1299 1858 
 274. 18 OCT 2006 291 13:59:45 5038525 0855 1296 1827
 275. 18 OCT 2006 291 14:02:00 5052025 0855 1296 1827
 276. 19 OCT 2006 292 04:41:45 1690525 0855 1296 1822
 277. 19 OCT 2006 292 12:36:45 4540525 0855 1296 1822
 278. 22 OCT 2006 295 01:53:03 678325 0855 1294 1806
 279. 25 OCT 2006 298 22:52:22 8234225 0855 1292 1789
 280. 27 OCT 2006 300 15:20:53 5525325 0855 1290 1778 
 281. 29 OCT 2006 302 10:27:49 3766925 0855 1289 1767
 282. 30 OCT 2006 303 20:32:47 7396725 0855 1288 1761 
 283. 10 NOV 2006 314 00:25:21 152125 0853 1277 1697 
 284. 20 NOV 2006 324 00:25:21 152125 0848 1265 1637 
 285. 08 DEC 2006 342 13:00:33 4683325 0835 1236 1531 
 286. 21 JAN 2007 21 06:06:16 2197625 0778 1142 1316 
 287. 26 JAN 2007 26 08:14:17 2965725 0769 1129 1298 
 288. 29 JAN 2007 29 08:51:27 3188725 0763 1122 1287 
 289. 01 FEB 2007 32 07:08:37 2571725 0758 1114 1277 
 290. 07 FEB 2007 38 04:15:31 1533125 0746 1099 1259 
 291. 15 FEB 2007 46 22:54:24 8246425 0729 1078 1236 
 292. 16 FEB 2007 47 13:46:02 4956225 0727 1076 1234 
 293. 19 FEB 2007 50 20:22:04 7332425 0720 1068 1226 
 294. 22 FEB 2007 53 18:59:28 6836825 0713 1060 1218 
 295. 22 FEB 2007 53 19:01:36 6849625 0713 1060 1218 
 296. 22 FEB 2007 53 19:02:06 6852625 0713 1060 1218
 297. 22 FEB 2007 53 22:43:14 8179417 0713 1060 1218 
 298. 23 FEB 2007 54 07:56:16 2857625 0711 1057 1216 
 299. 23 FEB 2007 54 07:57:18 2863825 0711 1057 1216
 300. 23 FEB 2007 54 08:03:54 2903425 0711 1057 1216 
 301. 23 FEB 2007 54 11:09:48 4018825 0711 1057 1216 
 302. 23 FEB 2007 54 12:16:13 4417317 0711 1057 1216
 303. 23 FEB 2007 54 13:46:36 4959617 0711 1057 1216
 304. 24 FEB 2007 55 16:05:31 5793125 0708 1055 1214 
 305. 24 FEB 2007 55 18:49:13 6775317 0708 1055 1214 
 306. 25 FEB 2007 56 01:55:01 690125 0706 1052 1211 
 307. 25 FEB 2007 56 12:57:44 4666425 0706 1052 1211 
 308. 26 FEB 2007 57 00:49:19 295917 0704 1049 1209
 309. 26 FEB 2007 57 05:08:16 1849625 0704 1049 1209 
 310. 26 FEB 2007 57 05:09:19 1855925 0704 1049 1209 
 311. 27 FEB 2007 58 10:08:23 3650325 0701 1047 1207 
 312. 27 FEB 2007 58 13:10:23 4742325 0701 1047 1207 
 313. 27 FEB 2007 58 13:17:04 4782425 0701 1047 1207 
 314. 27 FEB 2007 58 19:28:16 7009625 0701 1047 1207 
 315. 27 FEB 2007 58 19:28:58 7013825 0701 1047 1207 
 316. 01 MAR 2007 60 11:56:07 4296725 0696 1041 1202
 317. 02 MAR 2007 61 02:14:20 806025 0694 1039 1200
 318. 04 MAR 2007 63 12:11:27 4388725 0689 1034 1195
 319. 05 MAR 2007 64 13:38:49 4912925 0686 1031 1193
 320. 06 MAR 2007 65 07:19:59 2639925 0684 1028 1191
 321. 07 MAR 2007 66 15:40:14 5641425 0681 1026 1189
 322. 07 MAR 2007 66 15:43:06 5658625 0681 1026 1189
 323. 11 MAR 2007 70 01:31:54 551425 0670 1015 1180
 324. 11 MAR 2007 70 03:33:48 1282825 0670 1015 1180
 325. 11 MAR 2007 70 09:49:01 3534125 0670 1015 1180
 326. 16 MAR 2007 75 22:49:50 8219025 0657 1002 1169
 327. 16 MAR 2007 75 22:50:22 8222225 0657 1002 1169
 328. 17 MAR 2007 76 23:30:23 8462317 0654999 1167  0000
 329. 18 MAR 2007 77 02:28:14 889425 0651997 1165 0000
 330. 18 MAR 2007 77 23:09:38 8337825 0651997 1165 0000
 331. 26 MAR 2007 85 00:24:07 144727 0628976 1147 0000
 332. 26 MAR 2007 85 08:04:13 2905325 0628976 1147 0000
 333. 30 MAR 2007 89 16:14:38 5847825 0615965 1137 0000
 334. 01 APR 2007 91 03:53:09 1398925 0609960 1132 0000
 335. 02 APR 2007 92 14:54:11 5365125 0606958 1130 0000
 336. 03 APR 2007 93 10:07:59 3647925 0603955 1127 0000
 337. 03 APR 2007 93 11:37:10 4183025 0603955 1127 0000
 338. 29 APR 2007 119 17:33:04 6318425 0514889 1046 0000
 339. 11 MAY 2007 131 10:53:04 3918425 0469860 995  0000
